SessionNo	triggertime
1	0
TrialNo	Instructiontime	Insresponsetime	triggertime	triggerresponsetime	Fixationtime	RandomOrder	lownumber	highernumber	correctanswer	difficulty	CardRandom1	CardRandom2	CardRandom3	CardRandom4	Answercue	cuedescription	pictureCardRandom1	pictureCardRandom2	pictureCardRandom3	pictureCardRandom4	DotCardpresentTIME	AnswerDotCardCode	AnswerDotCardChoiceResultCode	CorrectAns	CardResponse	DotCardandresultpresentTIME	GameResponseTimePoint	GameRT	AnswermarkCodeUse	IntervalGameITI	Interval FixationST	Feedback	Ableliftorright	predictpresentTIME	PredictquestionCode	PredictchoiceCode	Answermark	predictmark	Pableorunable	PablepredictresultpresentTIME	PableresponseTimePoint	PableRT	Accuracy	rightorwrong	NrightchoicewithMoney(Mrr)	NwrongchoicewithMoney(Mf)	NcontrolrightwithMoney(Mee)	NmiddlerightwithMoney(Mmm)	NhardrightwithMoney(Mhh)	MAnswermark	picturemark	MPable	MPunable	MPredictjudge	MCP	MWP	SDFixationST	GameITI	rest	restresponce	fixzationpresent	fixzationGameITI
1	1016	5824	5832	11544	11549	34	58	64	2	2	133	136	135	134	leftdown	leftdown	g58	h64	f58	e58	16566	12	121	2	2	18416	18407	1841	1	1002	18932	rightchoice	ableLeft	19949	25	125	1	1	1	21716	21695	1746	0	right	1	0	0	1	0	1	264	1	0	0	0	0	22232	1185
2	1016	5824	5832	11544	11549	175	70	72	4	3	699	698	697	700	rightdown	rightdown	k70	y70	v70	z72	23432	13	130	4	3	25716	25711	2279	2	1263	26232	wrongchoice	ableLeft	27516	34	234	2	2	3	29216	29199	1683	0	wrong	1	1	0	1	0	2	372	1	1	0	0	0	29732	1121
3	1016	5824	5832	11544	11549	119	72	74	2	3	473	476	474	475	leftdown	leftdown	m72	i74	n72	p72	30866	13	130	2	4	33632	33623	2757	2	1412	34149	wrongchoice	ableRight	35566	34	234	2	2	1	37166	37151	1585	0	wrong	1	2	0	1	0	2	374	1	2	0	0	0	37682	1481
4	1016	5824	5832	11544	11549	42	62	68	1	2	168	165	166	167	leftup	leftup	d68	c62	a62	b62	39182	12	120	1	2	41682	41663	2481	2	1399	42199	wrongchoice	ableRight	43616	24	224	2	2	1	44949	44935	1319	0	wrong	1	3	0	1	0	2	268	1	3	0	0	0	45466	1490
5	1016	5824	5832	11544	11549	86	79	80	2	3	342	344	341	343	leftdown	leftdown	e79	h80	g79	f79	46966	13	130	2	4	48666	48647	1681	2	1115	49182	wrongchoice	ableLeft	50316	34	234	2	2	3	51399	51383	1067	0	wrong	1	4	0	1	0	2	380	1	4	0	0	0	51916	1300
6	1016	5824	5832	11544	11549	179	63	64	2	3	715	716	714	713	leftdown	leftdown	s63	z64	m63	t63	53232	13	130	2	3	55499	55495	2263	2	1301	56016	wrongchoice	ableRight	57332	34	234	2	2	1	58366	58351	1019	0	wrong	1	5	0	1	0	2	364	1	5	0	0	0	58882	1362
7	1016	5824	5832	11544	11549	31	64	70	3	2	123	121	124	122	rightup	rightup	f64	g64	h70	e64	60249	12	121	3	3	62882	62879	2630	1	1110	63399	rightchoice	ableRight	64516	25	125	1	1	3	65699	65687	1171	0	right	2	5	0	2	0	1	270	2	5	0	0	0	66216	1055
8	1016	5824	5832	11544	11549	12	45	68	4	1	47	45	46	48	rightdown	rightdown	c45	a45	b45	a68	67282	11	111	4	4	69482	69479	2197	1	1402	69999	rightchoice	ableRight	71416	15	115	1	1	3	72699	72687	1271	0	right	3	5	1	2	0	1	168	3	5	0	0	0	73216	1466
9	1016	5824	5832	11544	11549	209	63	64	4	3	833	835	834	836	rightdown	rightdown	v63	h63	p63	t64	74699	13	131	4	4	76733	76719	2020	1	1204	77249	rightchoice	ableRight	78466	35	135	1	1	3	79716	79710	1244	0	right	4	5	1	2	1	1	364	4	5	0	0	0	80233	1058
10	1016	5824	5832	11544	11549	230	56	62	4	2	917	919	918	920	rightdown	rightdown	a56	s56	n56	q62	81299	12	120	4	1	82766	82758	1459	2	1500	83283	wrongchoice	ableLeft	84799	24	224	2	2	3	85849	85838	1039	0	wrong	4	6	1	2	1	2	262	4	6	0	0	0	86366	1314
11	1016	5824	5832	11544	11549	223	69	76	3	2	890	891	892	889	rightup	rightup	n69	s69	q76	a69	87699	12	121	3	3	90083	90078	2379	1	1298	90599	rightchoice	ableRight	91916	25	125	1	1	3	92866	92862	946	0	right	5	6	1	3	1	1	276	5	6	0	0	0	93383	1431
12	1016	5824	5832	11544	11549	176	68	70	4	3	703	702	701	704	rightdown	rightdown	k68	y68	v68	z70	94833	13	130	4	3	96383	96374	1541	2	1250	96899	wrongchoice	ableRight	98166	34	234	2	2	1	99099	99086	920	0	wrong	5	7	1	3	1	2	370	5	7	0	0	0	99616	1239
13	1016	5824	5832	11544	11549	196	68	70	1	3	784	782	783	781	leftup	leftup	x70	s68	m68	p68	100866	13	130	1	2	103216	103198	2332	2	1274	103733	wrongchoice	ableRight	105016	34	234	2	2	1	105933	105926	910	0	wrong	5	8	1	3	1	2	370	5	8	0	0	0	106449	1196
14	1016	5824	5832	11544	11549	201	79	80	3	3	801	803	804	802	rightup	rightup	v79	h79	t80	p79	107666	13	130	3	2	109999	109990	2324	2	1007	110516	wrongchoice	ableRight	111533	34	234	2	2	2	112433	112414	881	0	wrong	5	9	1	3	1	2	380	5	9	0	0	0	112949	1088
15	1016	5824	5832	11544	11549	15	41	62	4	1	59	57	58	60	rightdown	rightdown	e41	c41	d41	a62	114049	11	111	4	4	116266	116246	2197	1	1212	116783	rightchoice	ableRight	117999	15	115	1	1	3	118766	118758	759	0	right	6	9	2	3	1	1	162	6	9	0	0	0	119283	1313
16	1016	5824	5832	11544	11549	54	58	64	1	2	216	215	214	213	leftup	leftup	e64	g58	f58	b58	120616	12	120	1	2	122266	122262	1646	2	1197	122783	wrongchoice	ableRight	123999	24	224	2	2	2	124766	124750	751	0	wrong	6	10	2	3	1	2	264	6	10	0	0	0	125283	1009
17	1016	5824	5832	11544	11549	33	60	66	3	2	131	129	132	130	rightup	rightup	f60	g60	h66	e60	126299	12	120	3	4	128799	128782	2483	2	1284	129316	wrongchoice	ableRight	130616	24	224	2	2	2	131399	131382	766	0	wrong	6	11	2	3	1	2	266	6	11	0	0	0	131916	1234
18	1016	5824	5832	11544	11549	50	65	72	1	2	200	198	197	199	leftup	leftup	e72	f65	b65	g65	133166	12	121	1	1	135633	135614	2448	1	1039	136149	rightchoice	ableLeft	137199	25	125	1	1	1	137899	137894	695	0	right	7	11	2	4	1	1	272	7	11	0	0	0	138416	1233
19	1016	5824	5832	11544	11549	219	58	64	2	2	873	876	875	874	leftdown	leftdown	r58	y64	m58	v58	139666	12	121	2	2	140916	140910	1244	1	1150	141433	rightchoice	ableLeft	142599	25	125	1	1	1	143433	143414	815	0	right	8	11	2	5	1	1	264	8	11	0	0	0	143949	1364
20	1016	5824	5832	11544	11549	11	47	70	4	1	43	41	42	44	rightdown	rightdown	f47	d47	e47	a70	145333	11	111	4	4	146483	146477	1144	1	1201	146999	rightchoice	ableLeft	148216	15	115	1	1	2	148999	148981	765	0	right	9	11	3	5	1	1	170	9	11	0	0	0	149516	1189
21	1016	5824	5832	11544	11549	211	73	80	1	2	844	842	841	843	leftup	leftup	y80	v73	r73	m73	150716	12	121	1	1	152016	151997	1281	1	1158	152533	rightchoice	ableLeft	153699	25	125	1	1	1	154316	154309	610	0	right	10	11	3	6	1	1	280	10	11	0	0	0	154833	1136
22	1016	5824	5832	11544	11549	89	72	74	2	3	354	356	353	355	leftdown	leftdown	e72	h74	g72	f72	155983	13	130	2	3	158200	158189	2206	2	1412	158716	wrongchoice	ableRight	160133	34	234	2	2	1	161266	161261	1128	0	wrong	10	12	3	6	1	2	374	10	12	0	0	0	161783	1443
23	1016	5824	5832	11544	11549	118	74	76	2	3	469	472	470	471	leftdown	leftdown	m74	i76	n74	p74	163233	13	131	2	2	164233	164213	980	1	1326	164750	rightchoice	ableRight	166083	35	135	1	1	3	167033	167029	946	0	right	11	12	3	6	2	1	376	11	12	0	0	0	167550	1351
24	1016	5824	5832	11544	11549	6	53	80	3	1	22	21	24	23	rightup	rightup	g53	f53	a80	h53	168916	11	111	3	3	170266	170253	1337	1	1491	170783	rightchoice	ableLeft	172283	15	115	1	1	1	173083	173069	786	0	right	12	12	4	6	2	1	180	12	12	0	0	0	173600	1139
25	1016	5824	5832	11544	11549	100	70	72	3	3	399	397	400	398	rightup	rightup	b70	c70	g72	a70	174750	13	130	3	4	176583	176573	1823	2	1093	177100	wrongchoice	ableRight	178200	34	234	2	2	1	179283	179269	1069	0	wrong	12	13	4	6	2	2	372	12	13	0	0	0	179800	1039
26	1016	5824	5832	11544	11549	124	63	64	1	3	496	495	493	494	leftup	leftup	i64	p63	m63	n63	180850	13	131	1	1	182633	182629	1779	1	1274	183150	rightchoice	ableLeft	184433	35	235	1	2	3	185416	185405	972	0	right	13	13	4	6	3	1	364	12	14	0	0	0	185933	1111
27	1016	5824	5832	11544	11549	132	45	68	3	1	527	526	528	525	rightup	rightup	s52	r52	t78	q52	187050	11	111	3	3	189200	189189	2139	1	1324	189716	rightchoice	ableRight	191050	15	115	1	1	3	192116	192109	1059	0	right	14	13	5	6	3	1	168	13	14	0	0	0	192633	1373
28	1016	5824	5832	11544	11549	135	41	62	2	1	539	540	538	537	leftdown	leftdown	s48	t72	r48	q48	194016	11	111	2	2	194833	194829	813	1	1101	195350	rightchoice	ableLeft	196466	15	115	1	1	1	197183	197173	707	0	right	15	13	6	6	3	1	162	14	14	0	0	0	197700	1099
29	1016	5824	5832	11544	11549	70	70	72	4	3	278	277	279	280	rightdown	rightdown	f70	b70	g70	c72	198816	13	131	4	4	199800	199789	973	1	1215	200316	rightchoice	ableLeft	201550	35	135	1	1	1	202216	202213	663	0	right	16	13	6	6	4	1	372	15	14	0	0	0	202733	1123
30	1016	5824	5832	11544	11549	207	66	68	4	3	825	827	826	828	rightdown	rightdown	v66	k66	p66	t68	203866	13	130	4	3	205333	205317	1451	2	1137	205850	wrongchoice	ableRight	207000	34	234	2	2	2	207933	207917	917	0	wrong	16	14	6	6	4	2	368	15	15	0	0	0	208450	1437	209900	246964	246983	1427
31	1016	5824	5832	11544	11549	65	56	62	3	2	259	257	260	258	rightup	rightup	a56	e56	f62	h56	248417	12	120	3	1	249967	249956	1539	2	1438	250483	wrongchoice	ableRight	251933	24	224	2	2	1	252683	252676	743	0	wrong	16	15	6	6	4	2	262	15	16	0	0	0	253200	1255
32	1016	5824	5832	11544	11549	180	61	62	2	3	719	720	718	717	leftdown	leftdown	s61	z62	m61	t61	254467	13	130	2	3	255783	255772	1305	2	1335	256300	wrongchoice	ableLeft	257650	34	234	2	2	3	258633	258628	978	0	wrong	16	16	6	6	4	2	362	15	17	0	0	0	259150	1190
33	1016	5824	5832	11544	11549	229	58	64	4	2	913	915	914	916	rightdown	rightdown	a58	s58	n58	q64	260350	12	120	4	2	261633	261620	1270	2	1450	262150	wrongchoice	ableRight	263617	24	224	2	2	1	264267	264260	643	0	wrong	16	17	6	6	4	2	264	15	18	0	0	0	264783	1385
34	1016	5824	5832	11544	11549	114	63	64	4	3	455	454	453	456	rightdown	rightdown	r63	p63	n63	k64	266183	13	131	4	4	267700	267684	1501	1	1465	268217	rightchoice	ableRight	269700	35	135	1	1	3	270767	270756	1056	0	right	17	17	6	6	5	1	364	16	18	0	0	0	271283	1059
35	1016	5824	5832	11544	11549	88	74	76	2	3	350	352	349	351	leftdown	leftdown	e74	h76	g74	f74	272350	13	130	2	1	273333	273324	974	2	1069	273850	wrongchoice	ableLeft	274933	34	134	2	1	2	275633	275628	695	0	wrong	17	18	6	6	5	2	376	17	18	0	0	0	276150	1470
36	1016	5824	5832	11544	11549	202	76	78	3	3	805	807	808	806	rightup	rightup	v76	k76	t78	p76	277633	13	130	3	1	279367	279347	1714	2	1223	279883	wrongchoice	ableLeft	281117	34	234	2	2	3	282117	282107	990	0	wrong	17	19	6	6	5	2	378	17	19	0	0	0	282633	1176
37	1016	5824	5832	11544	11549	93	64	66	1	3	372	371	370	369	leftup	leftup	h66	f64	e64	g64	283817	13	130	1	4	285467	285459	1642	2	1409	285983	wrongchoice	ableRight	287400	34	234	2	2	2	288300	288291	891	0	wrong	17	20	6	6	5	2	366	17	20	0	0	0	288817	1420
38	1016	5824	5832	11544	11549	165	65	72	3	2	659	657	660	658	rightup	rightup	v65	s65	j72	t65	290250	12	121	3	3	291783	291771	1521	1	1424	292300	rightchoice	ableLeft	293733	25	125	1	1	1	294600	294587	854	0	right	18	20	6	7	5	1	272	18	20	0	0	0	295117	1020
39	1016	5824	5832	11544	11549	177	66	68	4	3	707	706	705	708	rightdown	rightdown	k66	y66	v66	z68	296150	13	130	4	3	297800	297795	1645	2	1157	298317	wrongchoice	ableRight	299483	34	234	2	2	2	300433	300419	936	0	wrong	18	21	6	7	5	2	368	18	21	0	0	0	300950	1456
40	1016	5824	5832	11544	11549	69	72	74	4	3	274	273	275	276	rightdown	rightdown	f72	b72	g72	c74	302417	13	131	4	4	304267	304251	1834	1	1412	304783	rightchoice	ableRight	306200	35	135	1	1	4	307183	307171	971	0	right	19	21	6	7	6	1	374	19	21	0	0	0	307700	1309
41	1016	5824	5832	11544	11549	17	70	78	1	2	68	67	66	65	leftup	leftup	c78	d70	g70	h70	309017	12	120	1	2	310367	310347	1330	2	1414	310883	wrongchoice	ableRight	312317	24	224	2	2	2	313100	313091	774	0	wrong	19	22	6	7	6	2	278	19	22	0	0	0	313617	1292
42	1016	5824	5832	11544	11549	5	45	68	2	1	19	20	17	18	leftdown	leftdown	d45	e68	b45	e45	314917	11	111	2	2	316367	316355	1438	1	1404	316883	rightchoice	ableLeft	318300	15	115	1	1	2	319183	319171	871	0	right	20	22	7	7	6	1	168	20	22	0	0	0	319700	1013
43	1016	5824	5832	11544	11549	161	73	80	1	2	644	641	643	642	leftup	leftup	j80	s73	v73	t73	320733	12	120	1	2	322817	322803	2070	2	1082	323333	wrongchoice	ableLeft	324433	24	124	2	1	2	325200	325195	762	0	wrong	20	23	7	7	6	2	280	21	22	0	0	0	325717	1176
44	1016	5824	5832	11544	11549	170	56	62	3	2	679	677	680	678	rightup	rightup	v56	s56	j62	t56	326900	12	120	3	4	328750	328739	1839	2	1466	329267	wrongchoice	ableLeft	330750	24	224	2	2	4	332134	332123	1373	0	wrong	20	24	7	7	6	2	262	21	23	0	0	0	332650	1329
45	1016	5824	5832	11544	11549	28	69	76	4	2	111	110	109	112	rightdown	rightdown	f69	e69	g69	h76	333984	12	121	4	4	335917	335899	1915	1	1159	336434	rightchoice	ableLeft	337600	25	125	1	1	2	338400	338387	787	0	right	21	24	7	8	6	1	276	22	23	0	0	0	338917	1493
46	1016	5824	5832	11544	11549	127	52	78	1	1	508	507	505	506	leftup	leftup	m78	t52	p52	r52	340417	11	110	1	3	341367	341355	938	2	1042	341884	wrongchoice	ableRight	342934	14	214	2	2	2	343734	343714	780	0	wrong	21	25	7	8	6	2	178	22	24	0	0	0	344250	1473
47	1016	5824	5832	11544	11549	8	51	76	3	1	30	29	32	31	rightup	rightup	g51	f51	a76	h51	345734	11	111	3	3	347150	347130	1396	1	1271	347667	rightchoice	ableRight	348950	15	215	1	2	2	350100	350090	1140	0	right	22	25	8	8	6	1	176	22	25	0	0	0	350617	1477
48	1016	5824	5832	11544	11549	217	62	68	2	2	865	868	867	866	leftdown	leftdown	r62	y68	m62	v62	352100	12	121	2	2	353050	353042	942	1	1484	353567	rightchoice	ableRight	355067	25	225	1	2	2	355984	355970	903	0	right	23	25	8	9	6	1	268	22	26	0	0	0	356500	1147
49	1016	5824	5832	11544	11549	85	61	62	2	3	338	340	339	337	leftdown	leftdown	g61	e62	d61	h61	357667	13	130	2	4	358517	358498	831	2	1451	359034	wrongchoice	ableRight	360500	34	234	2	2	2	361434	361418	918	0	wrong	23	26	8	9	6	2	362	22	27	0	0	0	361950	1218
50	1016	5824	5832	11544	11549	142	70	78	2	2	567	568	566	565	leftdown	leftdown	p70	u78	n70	m70	363184	12	121	2	2	364100	364090	906	1	1281	364617	rightchoice	ableRight	365917	25	125	1	1	3	367700	367690	1773	0	right	24	26	8	10	6	1	278	23	27	0	0	0	368217	1041
51	1016	5824	5832	11544	11549	92	66	68	1	3	368	367	366	365	leftup	leftup	h68	f66	e66	g66	369267	13	130	1	2	370784	370778	1511	2	1422	371300	wrongchoice	ableLeft	372734	34	234	2	2	4	373617	373602	868	0	wrong	24	27	8	10	6	2	368	23	28	0	0	0	374134	1247
52	1016	5824	5832	11544	11549	61	64	70	3	2	243	241	244	242	rightup	rightup	a64	e64	f70	h64	375400	12	120	3	2	377384	377370	1970	2	1217	377900	wrongchoice	ableRight	379134	24	224	2	2	2	379900	379890	756	0	wrong	24	28	8	10	6	2	270	23	29	0	0	0	380417	1194
53	1016	5824	5832	11544	11549	84	63	64	2	3	334	336	335	333	leftdown	leftdown	g63	e64	d63	h63	381617	13	131	2	2	383184	383170	1553	1	1154	383700	rightchoice	ableRight	384867	35	135	1	1	4	385900	385890	1023	0	right	25	28	8	10	7	1	364	24	29	0	0	0	386417	1404
54	1016	5824	5832	11544	11549	208	64	66	4	3	829	831	830	832	rightdown	rightdown	v64	k64	p64	t66	387834	13	130	4	2	388734	388722	888	2	1376	389250	wrongchoice	ableRight	390634	34	234	2	2	2	391617	391610	976	0	wrong	25	29	8	10	7	2	366	24	30	0	0	0	392134	1124
55	1016	5824	5832	11544	11549	105	61	62	3	3	417	418	420	419	rightup	rightup	c61	a61	g62	b61	393267	13	130	3	1	395150	395146	1879	2	1235	395667	wrongchoice	ableRight	396917	34	234	2	2	2	398100	398082	1165	0	wrong	25	30	8	10	7	2	362	24	31	0	0	0	398617	1062
56	1016	5824	5832	11544	11549	83	64	66	2	3	330	332	331	329	leftdown	leftdown	g64	e66	d64	h64	399684	13	130	2	3	401000	400994	1310	2	1259	401517	wrongchoice	ableLeft	402784	34	134	2	1	2	403484	403474	690	0	wrong	25	31	8	10	7	2	366	25	31	0	0	0	404000	1381
57	1016	5824	5832	11544	11549	121	68	70	1	3	484	481	483	482	leftup	leftup	i70	m68	p68	n68	405400	13	130	1	2	406917	406905	1505	2	1157	407434	wrongchoice	ableLeft	408600	34	234	2	2	4	409500	409481	881	0	wrong	25	32	8	10	7	2	370	25	32	0	0	0	410017	1132
58	1016	5824	5832	11544	11549	160	56	62	1	2	640	637	639	638	leftup	leftup	v62	q56	s56	r56	411167	12	120	1	4	412834	412825	1658	2	1224	413351	wrongchoice	ableLeft	414584	24	224	2	2	4	415417	415401	817	0	wrong	25	33	8	10	7	2	262	25	33	0	0	0	415934	1323
59	1016	5824	5832	11544	11549	115	61	62	4	3	459	458	457	460	rightdown	rightdown	r61	p61	n61	k62	417267	13	130	4	3	418384	418369	1102	2	1466	418901	wrongchoice	ableLeft	420384	34	234	2	2	4	421151	421137	753	0	wrong	25	34	8	10	7	2	362	25	34	0	0	0	421667	1111
60	1016	5824	5832	11544	11549	79	72	74	3	3	314	315	316	313	rightup	rightup	g72	d72	e74	h72	422784	13	130	3	4	424651	424633	1849	2	1332	425167	wrongchoice	ableLeft	426517	34	134	2	1	2	427234	427217	700	0	wrong	25	35	8	10	7	2	374	26	34	0	0	0	427751	1259	